# X Y
0 220
1 187.96
2 168.39202
3 156.40519599
4 149.067350906005
5 144.580293386195
6 141.84129672599687
7 140.17412323251722
8 139.1640767412161
9 138.55684966677174
10 138.1964916286906
11 137.9873691229899
12 137.87083754365983
13 137.81093545498365
14 137.78561169931433
15 137.7813454794713
16 137.789847160301
17 137.80603505745114
18 137.82679471683156
19 137.85021805129142
20 137.87513674654565
21 137.90083612576132
22 137.92687967921603
23 137.9530014585729
24 137.97904008867803
25 138.00489830102285
26 138.03051811819523
27 138.05586563619113
28 138.0809216925473
29 138.10567614391084
30 138.13012435706872
31 138.154265057363
32 138.17809900951067
33 138.20162820888655
34 138.2248553858409
35 138.24778370198027
36 138.2704165641651
37 138.29275751069306
38 138.31481014174685
39 138.3365780769834
40 138.3580649297645
41 138.3792742915895
42 138.40020972278114
43 138.4208747470035
44 138.4412728481265
45 138.4614074685268
46 138.48128200826673
47 138.50089982480839
48 138.52026423305364
49 138.53937850558088
